At time 1760935703.409267484
- Translation: [0.000, 0.000, 0.000]
- Rotation: in Quaternion (xyzw) [0.000, 0.000, 0.707, 0.707]
- Rotation: in RPY (radian) [0.000, -0.000, 1.571]
- Rotation: in RPY (degree) [0.000, -0.000, 89.997]
- Matrix:
  0.000 -1.000  0.000  0.000
  1.000  0.000  0.000  0.000
  0.000  0.000  1.000  0.000
  0.000  0.000  0.000  1.000
At time 1760935704.401621789
- Translation: [0.000, 0.000, 0.000]
- Rotation: in Quaternion (xyzw) [0.000, 0.000, 0.707, 0.707]
- Rotation: in RPY (radian) [0.000, -0.000, 1.571]
- Rotation: in RPY (degree) [0.000, -0.000, 89.997]
- Matrix:
  0.000 -1.000  0.000  0.000
  1.000  0.000  0.000  0.000
  0.000  0.000  1.000  0.000
  0.000  0.000  0.000  1.000
At time 1760935705.409011723
- Translation: [0.000, 0.000, 0.000]
- Rotation: in Quaternion (xyzw) [0.000, 0.000, 0.707, 0.707]
- Rotation: in RPY (radian) [0.000, -0.000, 1.571]
- Rotation: in RPY (degree) [0.000, -0.000, 89.997]
- Matrix:
  0.000 -1.000  0.000  0.000
  1.000  0.000  0.000  0.000
  0.000  0.000  1.000  0.000
  0.000  0.000  0.000  1.000
At time 1760935706.416730702
- Translation: [0.000, 0.000, 0.000]
- Rotation: in Quaternion (xyzw) [0.000, 0.000, 0.707, 0.707]
- Rotation: in RPY (radian) [0.000, -0.000, 1.571]
- Rotation: in RPY (degree) [0.000, -0.000, 89.997]
- Matrix:
  0.000 -1.000  0.000  0.000
  1.000  0.000  0.000  0.000
  0.000  0.000  1.000  0.000
  0.000  0.000  0.000  1.000
At time 1760935707.408564364
- Translation: [0.000, 0.000, 0.000]
- Rotation: in Quaternion (xyzw) [0.000, 0.000, 0.707, 0.707]
- Rotation: in RPY (radian) [0.000, -0.000, 1.571]
- Rotation: in RPY (degree) [0.000, -0.000, 89.997]
- Matrix:
  0.000 -1.000  0.000  0.000
  1.000  0.000  0.000  0.000
  0.000  0.000  1.000  0.000
  0.000  0.000  0.000  1.000
At time 1760935708.417139768
- Translation: [0.000, 0.000, 0.000]
- Rotation: in Quaternion (xyzw) [0.000, 0.000, 0.707, 0.707]
- Rotation: in RPY (radian) [0.000, -0.000, 1.571]
- Rotation: in RPY (degree) [0.000, -0.000, 89.997]
- Matrix:
  0.000 -1.000  0.000  0.000
  1.000  0.000  0.000  0.000
  0.000  0.000  1.000  0.000
  0.000  0.000  0.000  1.000
At time 1760935709.408918240
- Translation: [0.000, 0.000, 0.000]
- Rotation: in Quaternion (xyzw) [0.000, 0.000, 0.707, 0.707]
- Rotation: in RPY (radian) [0.000, -0.000, 1.571]
- Rotation: in RPY (degree) [0.000, -0.000, 89.997]
- Matrix:
  0.000 -1.000  0.000  0.000
  1.000  0.000  0.000  0.000
  0.000  0.000  1.000  0.000
  0.000  0.000  0.000  1.000
At time 1760935710.416473025
- Translation: [0.000, 0.000, 0.000]
- Rotation: in Quaternion (xyzw) [0.000, 0.000, 0.707, 0.707]
- Rotation: in RPY (radian) [0.000, -0.000, 1.571]
- Rotation: in RPY (degree) [0.000, -0.000, 89.997]
- Matrix:
  0.000 -1.000  0.000  0.000
  1.000  0.000  0.000  0.000
  0.000  0.000  1.000  0.000
  0.000  0.000  0.000  1.000
At time 1760935711.408720052
- Translation: [0.000, 0.000, 0.000]
- Rotation: in Quaternion (xyzw) [0.000, 0.000, 0.707, 0.707]
- Rotation: in RPY (radian) [0.000, -0.000, 1.571]
- Rotation: in RPY (degree) [0.000, -0.000, 89.997]
- Matrix:
  0.000 -1.000  0.000  0.000
  1.000  0.000  0.000  0.000
  0.000  0.000  1.000  0.000
  0.000  0.000  0.000  1.000
At time 1760935712.416269287
- Translation: [0.000, 0.000, 0.000]
- Rotation: in Quaternion (xyzw) [0.000, 0.000, 0.707, 0.707]
- Rotation: in RPY (radian) [0.000, -0.000, 1.571]
- Rotation: in RPY (degree) [0.000, -0.000, 89.997]
- Matrix:
  0.000 -1.000  0.000  0.000
  1.000  0.000  0.000  0.000
  0.000  0.000  1.000  0.000
  0.000  0.000  0.000  1.000
At time 1760935713.409518252
- Translation: [0.000, 0.000, 0.000]
- Rotation: in Quaternion (xyzw) [0.000, 0.000, 0.707, 0.707]
- Rotation: in RPY (radian) [0.000, -0.000, 1.571]
- Rotation: in RPY (degree) [0.000, -0.000, 89.997]
- Matrix:
  0.000 -1.000  0.000  0.000
  1.000  0.000  0.000  0.000
  0.000  0.000  1.000  0.000
  0.000  0.000  0.000  1.000
At time 1760935714.416317960
- Translation: [0.000, 0.000, 0.000]
- Rotation: in Quaternion (xyzw) [0.000, 0.000, 0.707, 0.707]
- Rotation: in RPY (radian) [0.000, -0.000, 1.571]
- Rotation: in RPY (degree) [0.000, -0.000, 89.997]
- Matrix:
  0.000 -1.000  0.000  0.000
  1.000  0.000  0.000  0.000
  0.000  0.000  1.000  0.000
  0.000  0.000  0.000  1.000
At time 1760935715.408193788
- Translation: [0.000, 0.000, 0.000]
- Rotation: in Quaternion (xyzw) [0.000, 0.000, 0.707, 0.707]
- Rotation: in RPY (radian) [0.000, -0.000, 1.571]
- Rotation: in RPY (degree) [0.000, -0.000, 89.997]
- Matrix:
  0.000 -1.000  0.000  0.000
  1.000  0.000  0.000  0.000
  0.000  0.000  1.000  0.000
  0.000  0.000  0.000  1.000
At time 1760935716.416895375
- Translation: [0.000, 0.000, 0.000]
- Rotation: in Quaternion (xyzw) [0.000, 0.000, 0.707, 0.707]
- Rotation: in RPY (radian) [0.000, -0.000, 1.571]
- Rotation: in RPY (degree) [0.000, -0.000, 89.997]
- Matrix:
  0.000 -1.000  0.000  0.000
  1.000  0.000  0.000  0.000
  0.000  0.000  1.000  0.000
  0.000  0.000  0.000  1.000
At time 1760935717.408787170
- Translation: [0.000, 0.000, 0.000]
- Rotation: in Quaternion (xyzw) [0.000, 0.000, 0.707, 0.707]
- Rotation: in RPY (radian) [0.000, -0.000, 1.571]
- Rotation: in RPY (degree) [0.000, -0.000, 89.997]
- Matrix:
  0.000 -1.000  0.000  0.000
  1.000  0.000  0.000  0.000
  0.000  0.000  1.000  0.000
  0.000  0.000  0.000  1.000
At time 1760935718.416833770
- Translation: [0.000, 0.000, 0.000]
- Rotation: in Quaternion (xyzw) [0.000, 0.000, 0.707, 0.707]
- Rotation: in RPY (radian) [0.000, -0.000, 1.571]
- Rotation: in RPY (degree) [0.000, -0.000, 89.997]
- Matrix:
  0.000 -1.000  0.000  0.000
  1.000  0.000  0.000  0.000
  0.000  0.000  1.000  0.000
  0.000  0.000  0.000  1.000
At time 1760935719.408750861
- Translation: [0.000, 0.000, 0.000]
- Rotation: in Quaternion (xyzw) [0.000, 0.000, 0.707, 0.707]
- Rotation: in RPY (radian) [0.000, -0.000, 1.571]
- Rotation: in RPY (degree) [0.000, -0.000, 89.997]
- Matrix:
  0.000 -1.000  0.000  0.000
  1.000  0.000  0.000  0.000
  0.000  0.000  1.000  0.000
  0.000  0.000  0.000  1.000
At time 1760935720.416440280
- Translation: [0.000, 0.000, 0.000]
- Rotation: in Quaternion (xyzw) [0.000, 0.000, 0.707, 0.707]
- Rotation: in RPY (radian) [0.000, -0.000, 1.571]
- Rotation: in RPY (degree) [0.000, -0.000, 89.997]
- Matrix:
  0.000 -1.000  0.000  0.000
  1.000  0.000  0.000  0.000
  0.000  0.000  1.000  0.000
  0.000  0.000  0.000  1.000
At time 1760935721.408462713
- Translation: [0.000, 0.000, 0.000]
- Rotation: in Quaternion (xyzw) [0.000, 0.000, 0.707, 0.707]
- Rotation: in RPY (radian) [0.000, -0.000, 1.571]
- Rotation: in RPY (degree) [0.000, -0.000, 89.997]
- Matrix:
  0.000 -1.000  0.000  0.000
  1.000  0.000  0.000  0.000
  0.000  0.000  1.000  0.000
  0.000  0.000  0.000  1.000
At time 1760935722.416721581
- Translation: [0.000, 0.000, 0.000]
- Rotation: in Quaternion (xyzw) [0.000, 0.000, 0.707, 0.707]
- Rotation: in RPY (radian) [0.000, -0.000, 1.571]
- Rotation: in RPY (degree) [0.000, -0.000, 89.997]
- Matrix:
  0.000 -1.000  0.000  0.000
  1.000  0.000  0.000  0.000
  0.000  0.000  1.000  0.000
  0.000  0.000  0.000  1.000
At time 1760935723.408636926
- Translation: [0.000, 0.000, 0.000]
- Rotation: in Quaternion (xyzw) [0.000, 0.000, 0.707, 0.707]
- Rotation: in RPY (radian) [0.000, -0.000, 1.571]
- Rotation: in RPY (degree) [0.000, -0.000, 89.997]
- Matrix:
  0.000 -1.000  0.000  0.000
  1.000  0.000  0.000  0.000
  0.000  0.000  1.000  0.000
  0.000  0.000  0.000  1.000
At time 1760935724.416450841
- Translation: [0.000, 0.000, 0.000]
- Rotation: in Quaternion (xyzw) [0.000, 0.000, 0.707, 0.707]
- Rotation: in RPY (radian) [0.000, -0.000, 1.571]
- Rotation: in RPY (degree) [0.000, -0.000, 89.997]
- Matrix:
  0.000 -1.000  0.000  0.000
  1.000  0.000  0.000  0.000
  0.000  0.000  1.000  0.000
  0.000  0.000  0.000  1.000
At time 1760935725.408676511
- Translation: [0.000, 0.000, 0.000]
- Rotation: in Quaternion (xyzw) [0.000, 0.000, 0.707, 0.707]
- Rotation: in RPY (radian) [0.000, -0.000, 1.571]
- Rotation: in RPY (degree) [0.000, -0.000, 89.997]
- Matrix:
  0.000 -1.000  0.000  0.000
  1.000  0.000  0.000  0.000
  0.000  0.000  1.000  0.000
  0.000  0.000  0.000  1.000
At time 1760935726.416712231
- Translation: [0.000, 0.000, 0.000]
- Rotation: in Quaternion (xyzw) [0.000, 0.000, 0.707, 0.707]
- Rotation: in RPY (radian) [0.000, -0.000, 1.571]
- Rotation: in RPY (degree) [0.000, -0.000, 89.997]
- Matrix:
  0.000 -1.000  0.000  0.000
  1.000  0.000  0.000  0.000
  0.000  0.000  1.000  0.000
  0.000  0.000  0.000  1.000
At time 1760935727.408975408
- Translation: [0.000, 0.000, 0.000]
- Rotation: in Quaternion (xyzw) [0.000, 0.000, 0.707, 0.707]
- Rotation: in RPY (radian) [0.000, -0.000, 1.571]
- Rotation: in RPY (degree) [0.000, -0.000, 89.997]
- Matrix:
  0.000 -1.000  0.000  0.000
  1.000  0.000  0.000  0.000
  0.000  0.000  1.000  0.000
  0.000  0.000  0.000  1.000
At time 1760935728.416607267
- Translation: [0.000, 0.000, 0.000]
- Rotation: in Quaternion (xyzw) [0.000, 0.000, 0.707, 0.707]
- Rotation: in RPY (radian) [0.000, -0.000, 1.571]
- Rotation: in RPY (degree) [0.000, -0.000, 89.997]
- Matrix:
  0.000 -1.000  0.000  0.000
  1.000  0.000  0.000  0.000
  0.000  0.000  1.000  0.000
  0.000  0.000  0.000  1.000
At time 1760935729.408413318
- Translation: [0.000, 0.000, 0.000]
- Rotation: in Quaternion (xyzw) [0.000, 0.000, 0.707, 0.707]
- Rotation: in RPY (radian) [0.000, -0.000, 1.571]
- Rotation: in RPY (degree) [0.000, -0.000, 89.997]
- Matrix:
  0.000 -1.000  0.000  0.000
  1.000  0.000  0.000  0.000
  0.000  0.000  1.000  0.000
  0.000  0.000  0.000  1.000
At time 1760935730.417213540
- Translation: [0.000, 0.000, 0.000]
- Rotation: in Quaternion (xyzw) [0.000, 0.000, 0.707, 0.707]
- Rotation: in RPY (radian) [0.000, -0.000, 1.571]
- Rotation: in RPY (degree) [0.000, -0.000, 89.997]
- Matrix:
  0.000 -1.000  0.000  0.000
  1.000  0.000  0.000  0.000
  0.000  0.000  1.000  0.000
  0.000  0.000  0.000  1.000
At time 1760935731.408766155
- Translation: [-1.280, 0.000, 0.000]
- Rotation: in Quaternion (xyzw) [0.000, 0.000, 0.707, 0.707]
- Rotation: in RPY (radian) [0.000, -0.000, 1.571]
- Rotation: in RPY (degree) [0.000, -0.000, 89.997]
- Matrix:
  0.000 -1.000  0.000 -1.280
  1.000  0.000  0.000  0.000
  0.000  0.000  1.000  0.000
  0.000  0.000  0.000  1.000
At time 1760935732.417406778
- Translation: [-1.613, 0.475, 0.000]
- Rotation: in Quaternion (xyzw) [0.000, 0.000, 0.094, 0.996]
- Rotation: in RPY (radian) [0.000, -0.000, 0.188]
- Rotation: in RPY (degree) [0.000, -0.000, 10.800]
- Matrix:
  0.982 -0.187  0.000 -1.613
  0.187  0.982  0.000  0.475
  0.000  0.000  1.000  0.000
  0.000  0.000  0.000  1.000
At time 1760935733.409690553
- Translation: [-0.831, 0.392, 0.000]
- Rotation: in Quaternion (xyzw) [0.000, 0.000, -0.134, 0.991]
- Rotation: in RPY (radian) [0.000, 0.000, -0.268]
- Rotation: in RPY (degree) [0.000, 0.000, -15.353]
- Matrix:
  0.964  0.265  0.000 -0.831
 -0.265  0.964 -0.000  0.392
 -0.000  0.000  1.000  0.000
  0.000  0.000  0.000  1.000
At time 1760935734.417353950
- Translation: [-1.324, 0.438, 0.000]
- Rotation: in Quaternion (xyzw) [0.000, 0.000, -0.555, 0.832]
- Rotation: in RPY (radian) [0.000, 0.000, -1.177]
- Rotation: in RPY (degree) [0.000, 0.000, -67.451]
- Matrix:
  0.383  0.924  0.000 -1.324
 -0.924  0.383 -0.000  0.438
 -0.000  0.000  1.000  0.000
  0.000  0.000  0.000  1.000
At time 1760935735.408442807
- Translation: [-1.479, 1.001, 0.000]
- Rotation: in Quaternion (xyzw) [0.000, 0.000, -0.597, 0.802]
- Rotation: in RPY (radian) [0.000, 0.000, -1.279]
- Rotation: in RPY (degree) [0.000, 0.000, -73.297]
- Matrix:
  0.287  0.958  0.000 -1.479
 -0.958  0.287 -0.000  1.001
 -0.000  0.000  1.000  0.000
  0.000  0.000  0.000  1.000
At time 1760935736.417909883
- Translation: [-0.458, 1.507, 0.000]
- Rotation: in Quaternion (xyzw) [0.000, 0.000, -0.779, 0.627]
- Rotation: in RPY (radian) [0.000, 0.000, -1.786]
- Rotation: in RPY (degree) [0.000, 0.000, -102.351]
- Matrix:
 -0.214  0.977  0.000 -0.458
 -0.977 -0.214 -0.000  1.507
 -0.000  0.000  1.000  0.000
  0.000  0.000  0.000  1.000
At time 1760935737.409595915
- Translation: [-2.212, 0.723, 0.000]
- Rotation: in Quaternion (xyzw) [0.000, 0.000, -0.556, 0.831]
- Rotation: in RPY (radian) [0.000, 0.000, -1.179]
- Rotation: in RPY (degree) [0.000, 0.000, -67.549]
- Matrix:
  0.382  0.924  0.000 -2.212
 -0.924  0.382 -0.000  0.723
 -0.000  0.000  1.000  0.000
  0.000  0.000  0.000  1.000
At time 1760935738.417324917
- Translation: [-1.394, 0.392, 0.000]
- Rotation: in Quaternion (xyzw) [0.000, 0.000, -0.329, 0.944]
- Rotation: in RPY (radian) [0.000, 0.000, -0.670]
- Rotation: in RPY (degree) [0.000, 0.000, -38.369]
- Matrix:
  0.784  0.621  0.000 -1.394
 -0.621  0.784 -0.000  0.392
 -0.000  0.000  1.000  0.000
  0.000  0.000  0.000  1.000
At time 1760935739.409617874
- Translation: [-2.504, 0.214, 0.000]
- Rotation: in Quaternion (xyzw) [0.000, 0.000, -0.227, 0.974]
- Rotation: in RPY (radian) [0.000, 0.000, -0.458]
- Rotation: in RPY (degree) [0.000, 0.000, -26.236]
- Matrix:
  0.897  0.442  0.000 -2.504
 -0.442  0.897 -0.000  0.214
 -0.000  0.000  1.000  0.000
  0.000  0.000  0.000  1.000
At time 1760935740.416522654
- Translation: [-1.527, -0.071, 0.000]
- Rotation: in Quaternion (xyzw) [0.000, 0.000, -0.070, 0.998]
- Rotation: in RPY (radian) [0.000, 0.000, -0.141]
- Rotation: in RPY (degree) [0.000, 0.000, -8.054]
- Matrix:
  0.990  0.140  0.000 -1.527
 -0.140  0.990 -0.000 -0.071
 -0.000  0.000  1.000  0.000
  0.000  0.000  0.000  1.000
At time 1760935741.408853886
- Translation: [-1.694, 0.511, 0.000]
- Rotation: in Quaternion (xyzw) [0.000, 0.000, -0.397, 0.918]
- Rotation: in RPY (radian) [0.000, 0.000, -0.817]
- Rotation: in RPY (degree) [0.000, 0.000, -46.808]
- Matrix:
  0.684  0.729  0.000 -1.694
 -0.729  0.684 -0.000  0.511
 -0.000  0.000  1.000  0.000
  0.000  0.000  0.000  1.000
At time 1760935742.417459635
- Translation: [-1.805, 0.011, 0.000]
- Rotation: in Quaternion (xyzw) [0.000, 0.000, -0.150, 0.989]
- Rotation: in RPY (radian) [0.000, 0.000, -0.300]
- Rotation: in RPY (degree) [0.000, 0.000, -17.207]
- Matrix:
  0.955  0.296  0.000 -1.805
 -0.296  0.955 -0.000  0.011
 -0.000  0.000  1.000  0.000
  0.000  0.000  0.000  1.000
At time 1760935743.408691210
- Translation: [-0.777, 0.611, 0.000]
- Rotation: in Quaternion (xyzw) [0.000, 0.000, -0.396, 0.918]
- Rotation: in RPY (radian) [0.000, 0.000, -0.814]
- Rotation: in RPY (degree) [0.000, 0.000, -46.649]
- Matrix:
  0.686  0.727  0.000 -0.777
 -0.727  0.686 -0.000  0.611
 -0.000  0.000  1.000  0.000
  0.000  0.000  0.000  1.000
At time 1760935744.416970119
- Translation: [-2.305, 0.239, 0.000]
- Rotation: in Quaternion (xyzw) [0.000, 0.000, -0.267, 0.964]
- Rotation: in RPY (radian) [0.000, 0.000, -0.541]
- Rotation: in RPY (degree) [0.000, 0.000, -31.016]
- Matrix:
  0.857  0.515  0.000 -2.305
 -0.515  0.857 -0.000  0.239
 -0.000  0.000  1.000  0.000
  0.000  0.000  0.000  1.000
At time 1760935745.408900179
- Translation: [-1.926, -1.043, 0.000]
- Rotation: in Quaternion (xyzw) [0.000, 0.000, 0.338, 0.941]
- Rotation: in RPY (radian) [0.000, -0.000, 0.690]
- Rotation: in RPY (degree) [0.000, -0.000, 39.521]
- Matrix:
  0.771 -0.636  0.000 -1.926
  0.636  0.771  0.000 -1.043
  0.000  0.000  1.000  0.000
  0.000  0.000  0.000  1.000
At time 1760935746.417254346
- Translation: [-1.890, -0.381, 0.000]
- Rotation: in Quaternion (xyzw) [0.000, 0.000, 0.231, 0.973]
- Rotation: in RPY (radian) [0.000, -0.000, 0.466]
- Rotation: in RPY (degree) [0.000, -0.000, 26.727]
- Matrix:
  0.893 -0.450  0.000 -1.890
  0.450  0.893  0.000 -0.381
  0.000  0.000  1.000  0.000
  0.000  0.000  0.000  1.000
At time 1760935747.409238251
- Translation: [-2.062, -0.694, 0.000]
- Rotation: in Quaternion (xyzw) [0.000, 0.000, 0.427, 0.904]
- Rotation: in RPY (radian) [0.000, -0.000, 0.882]
- Rotation: in RPY (degree) [0.000, -0.000, 50.560]
- Matrix:
  0.635 -0.772  0.000 -2.062
  0.772  0.635  0.000 -0.694
  0.000  0.000  1.000  0.000
  0.000  0.000  0.000  1.000
At time 1760935748.417592833
- Translation: [-1.050, -0.045, 0.000]
- Rotation: in Quaternion (xyzw) [0.000, 0.000, 0.166, 0.986]
- Rotation: in RPY (radian) [0.000, -0.000, 0.334]
- Rotation: in RPY (degree) [0.000, -0.000, 19.158]
- Matrix:
  0.945 -0.328  0.000 -1.050
  0.328  0.945  0.000 -0.045
  0.000  0.000  1.000  0.000
  0.000  0.000  0.000  1.000
At time 1760935749.409474716
- Translation: [-0.685, 0.040, 0.000]
- Rotation: in Quaternion (xyzw) [0.000, 0.000, 0.021, 1.000]
- Rotation: in RPY (radian) [0.000, -0.000, 0.041]
- Rotation: in RPY (degree) [0.000, -0.000, 2.377]
- Matrix:
  0.999 -0.041  0.000 -0.685
  0.041  0.999  0.000  0.040
  0.000  0.000  1.000  0.000
  0.000  0.000  0.000  1.000
At time 1760935750.417173455
- Translation: [-1.237, 0.034, 0.000]
- Rotation: in Quaternion (xyzw) [0.000, 0.000, -0.019, 1.000]
- Rotation: in RPY (radian) [0.000, 0.000, -0.039]
- Rotation: in RPY (degree) [0.000, 0.000, -2.228]
- Matrix:
  0.999  0.039  0.000 -1.237
 -0.039  0.999 -0.000  0.034
 -0.000  0.000  1.000  0.000
  0.000  0.000  0.000  1.000
At time 1760935751.409412844
- Translation: [0.453, 0.012, 0.000]
- Rotation: in Quaternion (xyzw) [0.000, 0.000, -0.015, 1.000]
- Rotation: in RPY (radian) [0.000, 0.000, -0.030]
- Rotation: in RPY (degree) [0.000, 0.000, -1.744]
- Matrix:
  1.000  0.030  0.000  0.453
 -0.030  1.000 -0.000  0.012
 -0.000  0.000  1.000  0.000
  0.000  0.000  0.000  1.000
At time 1760935752.417671263
- Translation: [-1.071, -0.195, 0.000]
- Rotation: in Quaternion (xyzw) [0.000, 0.000, 0.981, -0.192]
- Rotation: in RPY (radian) [0.000, -0.000, -2.754]
- Rotation: in RPY (degree) [0.000, -0.000, -157.805]
- Matrix:
 -0.926  0.378  0.000 -1.071
 -0.378 -0.926  0.000 -0.195
  0.000  0.000  1.000  0.000
  0.000  0.000  0.000  1.000
At time 1760935753.408846011
- Translation: [-1.400, 0.207, 0.000]
- Rotation: in Quaternion (xyzw) [0.000, 0.000, 0.255, 0.967]
- Rotation: in RPY (radian) [0.000, -0.000, 0.516]
- Rotation: in RPY (degree) [0.000, -0.000, 29.540]
- Matrix:
  0.870 -0.493  0.000 -1.400
  0.493  0.870  0.000  0.207
  0.000  0.000  1.000  0.000
  0.000  0.000  0.000  1.000
At time 1760935754.417083474
- Translation: [-1.630, -0.134, 0.000]
- Rotation: in Quaternion (xyzw) [0.000, 0.000, -0.064, 0.998]
- Rotation: in RPY (radian) [0.000, 0.000, -0.127]
- Rotation: in RPY (degree) [0.000, 0.000, -7.294]
- Matrix:
  0.992  0.127  0.000 -1.630
 -0.127  0.992 -0.000 -0.134
 -0.000  0.000  1.000  0.000
  0.000  0.000  0.000  1.000
At time 1760935755.409026464
- Translation: [0.442, -0.793, 0.000]
- Rotation: in Quaternion (xyzw) [0.000, 0.000, 0.816, 0.579]
- Rotation: in RPY (radian) [0.000, -0.000, 1.907]
- Rotation: in RPY (degree) [0.000, -0.000, 109.288]
- Matrix:
 -0.330 -0.944  0.000  0.442
  0.944 -0.330  0.000 -0.793
  0.000  0.000  1.000  0.000
  0.000  0.000  0.000  1.000
At time 1760935756.417164746
- Translation: [0.448, 0.079, 0.000]
- Rotation: in Quaternion (xyzw) [0.000, 0.000, 0.999, -0.045]
- Rotation: in RPY (radian) [0.000, -0.000, -3.052]
- Rotation: in RPY (degree) [0.000, -0.000, -174.854]
- Matrix:
 -0.996  0.090  0.000  0.448
 -0.090 -0.996  0.000  0.079
  0.000  0.000  1.000  0.000
  0.000  0.000  0.000  1.000
At time 1760935757.408423916
- Translation: [0.067, 0.217, 0.000]
- Rotation: in Quaternion (xyzw) [0.000, 0.000, -0.817, 0.577]
- Rotation: in RPY (radian) [0.000, 0.000, -1.911]
- Rotation: in RPY (degree) [0.000, 0.000, -109.475]
- Matrix:
 -0.333  0.943  0.000  0.067
 -0.943 -0.333 -0.000  0.217
 -0.000  0.000  1.000  0.000
  0.000  0.000  0.000  1.000
At time 1760935758.417028137
- Translation: [-1.281, 0.108, 0.000]
- Rotation: in Quaternion (xyzw) [0.000, 0.000, -0.804, 0.594]
- Rotation: in RPY (radian) [0.000, 0.000, -1.869]
- Rotation: in RPY (degree) [0.000, 0.000, -107.101]
- Matrix:
 -0.294  0.956  0.000 -1.281
 -0.956 -0.294 -0.000  0.108
 -0.000  0.000  1.000  0.000
  0.000  0.000  0.000  1.000
At time 1760935759.408487577
- Translation: [-1.559, -0.575, 0.000]
- Rotation: in Quaternion (xyzw) [0.000, 0.000, -0.154, 0.988]
- Rotation: in RPY (radian) [0.000, 0.000, -0.309]
- Rotation: in RPY (degree) [0.000, 0.000, -17.693]
- Matrix:
  0.953  0.304  0.000 -1.559
 -0.304  0.953 -0.000 -0.575
 -0.000  0.000  1.000  0.000
  0.000  0.000  0.000  1.000
At time 1760935760.417501293
- Translation: [-1.239, 0.118, 0.000]
- Rotation: in Quaternion (xyzw) [0.000, 0.000, -0.155, 0.988]
- Rotation: in RPY (radian) [0.000, 0.000, -0.312]
- Rotation: in RPY (degree) [0.000, 0.000, -17.849]
- Matrix:
  0.952  0.307  0.000 -1.239
 -0.307  0.952 -0.000  0.118
 -0.000  0.000  1.000  0.000
  0.000  0.000  0.000  1.000
At time 1760935761.409622539
- Translation: [-2.247, 0.031, 0.000]
- Rotation: in Quaternion (xyzw) [0.000, 0.000, -0.050, 0.999]
- Rotation: in RPY (radian) [0.000, 0.000, -0.099]
- Rotation: in RPY (degree) [0.000, 0.000, -5.694]
- Matrix:
  0.995  0.099  0.000 -2.247
 -0.099  0.995 -0.000  0.031
 -0.000  0.000  1.000  0.000
  0.000  0.000  0.000  1.000
At time 1760935762.416325652
- Translation: [-1.946, -0.021, 0.000]
- Rotation: in Quaternion (xyzw) [0.000, 0.000, -0.009, 1.000]
- Rotation: in RPY (radian) [0.000, 0.000, -0.019]
- Rotation: in RPY (degree) [0.000, 0.000, -1.079]
- Matrix:
  1.000  0.019  0.000 -1.946
 -0.019  1.000 -0.000 -0.021
 -0.000  0.000  1.000  0.000
  0.000  0.000  0.000  1.000
At time 1760935763.408577348
- Translation: [-2.907, -0.023, 0.000]
- Rotation: in Quaternion (xyzw) [0.000, 0.000, 0.004, 1.000]
- Rotation: in RPY (radian) [0.000, -0.000, 0.009]
- Rotation: in RPY (degree) [0.000, -0.000, 0.513]
- Matrix:
  1.000 -0.009  0.000 -2.907
  0.009  1.000  0.000 -0.023
  0.000  0.000  1.000  0.000
  0.000  0.000  0.000  1.000
At time 1760935764.416983193
- Translation: [-3.457, -0.009, 0.000]
- Rotation: in Quaternion (xyzw) [0.000, 0.000, 0.004, 1.000]
- Rotation: in RPY (radian) [0.000, -0.000, 0.008]
- Rotation: in RPY (degree) [0.000, -0.000, 0.445]
- Matrix:
  1.000 -0.008  0.000 -3.457
  0.008  1.000  0.000 -0.009
  0.000  0.000  1.000  0.000
  0.000  0.000  0.000  1.000
At time 1760935765.408421172
- Translation: [-3.103, 1.254, 0.000]
- Rotation: in Quaternion (xyzw) [0.000, 0.000, -0.189, 0.982]
- Rotation: in RPY (radian) [0.000, 0.000, -0.381]
- Rotation: in RPY (degree) [0.000, 0.000, -21.843]
- Matrix:
  0.928  0.372  0.000 -3.103
 -0.372  0.928 -0.000  1.254
 -0.000  0.000  1.000  0.000
  0.000  0.000  0.000  1.000
At time 1760935766.417391284
- Translation: [-1.441, 2.130, 0.000]
- Rotation: in Quaternion (xyzw) [0.000, 0.000, -0.610, 0.792]
- Rotation: in RPY (radian) [0.000, 0.000, -1.312]
- Rotation: in RPY (degree) [0.000, 0.000, -75.168]
- Matrix:
  0.256  0.967  0.000 -1.441
 -0.967  0.256 -0.000  2.130
 -0.000  0.000  1.000  0.000
  0.000  0.000  0.000  1.000
At time 1760935767.409109888
- Translation: [-2.611, 1.124, 0.000]
- Rotation: in Quaternion (xyzw) [0.000, 0.000, -0.540, 0.842]
- Rotation: in RPY (radian) [0.000, 0.000, -1.141]
- Rotation: in RPY (degree) [0.000, 0.000, -65.375]
- Matrix:
  0.417  0.909  0.000 -2.611
 -0.909  0.417 -0.000  1.124
 -0.000  0.000  1.000  0.000
  0.000  0.000  0.000  1.000
At time 1760935768.416611250
- Translation: [-3.624, 0.106, 0.000]
- Rotation: in Quaternion (xyzw) [0.000, 0.000, -0.213, 0.977]
- Rotation: in RPY (radian) [0.000, 0.000, -0.429]
- Rotation: in RPY (degree) [0.000, 0.000, -24.553]
- Matrix:
  0.910  0.416  0.000 -3.624
 -0.416  0.910 -0.000  0.106
 -0.000  0.000  1.000  0.000
  0.000  0.000  0.000  1.000
At time 1760935769.409295343
- Translation: [-3.864, -0.270, 0.000]
- Rotation: in Quaternion (xyzw) [0.000, 0.000, -0.026, 1.000]
- Rotation: in RPY (radian) [0.000, 0.000, -0.052]
- Rotation: in RPY (degree) [0.000, 0.000, -2.973]
- Matrix:
  0.999  0.052  0.000 -3.864
 -0.052  0.999 -0.000 -0.270
 -0.000  0.000  1.000  0.000
  0.000  0.000  0.000  1.000
At time 1760935770.417391561
- Translation: [-2.062, 2.113, 0.000]
- Rotation: in Quaternion (xyzw) [0.000, 0.000, -0.420, 0.908]
- Rotation: in RPY (radian) [0.000, 0.000, -0.867]
- Rotation: in RPY (degree) [0.000, 0.000, -49.656]
- Matrix:
  0.647  0.762  0.000 -2.062
 -0.762  0.647 -0.000  2.113
 -0.000  0.000  1.000  0.000
  0.000  0.000  0.000  1.000
At time 1760935771.408992719
- Translation: [-1.722, 1.962, 0.000]
- Rotation: in Quaternion (xyzw) [0.000, 0.000, -0.591, 0.807]
- Rotation: in RPY (radian) [0.000, 0.000, -1.264]
- Rotation: in RPY (degree) [0.000, 0.000, -72.442]
- Matrix:
  0.302  0.953  0.000 -1.722
 -0.953  0.302 -0.000  1.962
 -0.000  0.000  1.000  0.000
  0.000  0.000  0.000  1.000
At time 1760935772.417337610
- Translation: [-3.087, 0.807, 0.000]
- Rotation: in Quaternion (xyzw) [0.000, 0.000, -0.394, 0.919]
- Rotation: in RPY (radian) [0.000, 0.000, -0.809]
- Rotation: in RPY (degree) [0.000, 0.000, -46.355]
- Matrix:
  0.690  0.724  0.000 -3.087
 -0.724  0.690 -0.000  0.807
 -0.000  0.000  1.000  0.000
  0.000  0.000  0.000  1.000
At time 1760935773.409046839
- Translation: [-3.723, 0.006, 0.000]
- Rotation: in Quaternion (xyzw) [0.000, 0.000, -0.140, 0.990]
- Rotation: in RPY (radian) [0.000, 0.000, -0.281]
- Rotation: in RPY (degree) [0.000, 0.000, -16.116]
- Matrix:
  0.961  0.278  0.000 -3.723
 -0.278  0.961 -0.000  0.006
 -0.000  0.000  1.000  0.000
  0.000  0.000  0.000  1.000
At time 1760935774.416682423
- Translation: [-2.902, 1.610, 0.000]
- Rotation: in Quaternion (xyzw) [0.000, 0.000, -0.291, 0.957]
- Rotation: in RPY (radian) [0.000, 0.000, -0.591]
- Rotation: in RPY (degree) [0.000, 0.000, -33.863]
- Matrix:
  0.830  0.557  0.000 -2.902
 -0.557  0.830 -0.000  1.610
 -0.000  0.000  1.000  0.000
  0.000  0.000  0.000  1.000
At time 1760935775.408173335
- Translation: [-2.956, 1.203, 0.000]
- Rotation: in Quaternion (xyzw) [0.000, 0.000, -0.388, 0.922]
- Rotation: in RPY (radian) [0.000, 0.000, -0.797]
- Rotation: in RPY (degree) [0.000, 0.000, -45.691]
- Matrix:
  0.699  0.716  0.000 -2.956
 -0.716  0.699 -0.000  1.203
 -0.000  0.000  1.000  0.000
  0.000  0.000  0.000  1.000
At time 1760935776.417154204
- Translation: [0.203, 2.120, 0.000]
- Rotation: in Quaternion (xyzw) [0.000, 0.000, -0.820, 0.572]
- Rotation: in RPY (radian) [0.000, 0.000, -1.923]
- Rotation: in RPY (degree) [0.000, 0.000, -110.199]
- Matrix:
 -0.345  0.938  0.000  0.203
 -0.938 -0.345 -0.000  2.120
 -0.000  0.000  1.000  0.000
  0.000  0.000  0.000  1.000
At time 1760935777.409190663
- Translation: [0.115, 1.090, 0.000]
- Rotation: in Quaternion (xyzw) [0.000, 0.000, -0.782, 0.623]
- Rotation: in RPY (radian) [0.000, 0.000, -1.797]
- Rotation: in RPY (degree) [0.000, 0.000, -102.953]
- Matrix:
 -0.224  0.975  0.000  0.115
 -0.975 -0.224 -0.000  1.090
 -0.000  0.000  1.000  0.000
  0.000  0.000  0.000  1.000
At time 1760935778.417006311
- Translation: [-1.223, -0.343, 0.000]
- Rotation: in Quaternion (xyzw) [0.000, 0.000, -0.335, 0.942]
- Rotation: in RPY (radian) [0.000, 0.000, -0.684]
- Rotation: in RPY (degree) [0.000, 0.000, -39.178]
- Matrix:
  0.775  0.632  0.000 -1.223
 -0.632  0.775 -0.000 -0.343
 -0.000  0.000  1.000  0.000
  0.000  0.000  0.000  1.000
At time 1760935779.409405600
- Translation: [-2.568, -0.539, 0.000]
- Rotation: in Quaternion (xyzw) [0.000, 0.000, 0.068, 0.998]
- Rotation: in RPY (radian) [0.000, -0.000, 0.136]
- Rotation: in RPY (degree) [0.000, -0.000, 7.820]
- Matrix:
  0.991 -0.136  0.000 -2.568
  0.136  0.991  0.000 -0.539
  0.000  0.000  1.000  0.000
  0.000  0.000  0.000  1.000
At time 1760935780.417051369
- Translation: [-2.035, -0.987, 0.000]
- Rotation: in Quaternion (xyzw) [0.000, 0.000, 0.383, 0.924]
- Rotation: in RPY (radian) [0.000, -0.000, 0.787]
- Rotation: in RPY (degree) [0.000, -0.000, 45.074]
- Matrix:
  0.706 -0.708  0.000 -2.035
  0.708  0.706  0.000 -0.987
  0.000  0.000  1.000  0.000
  0.000  0.000  0.000  1.000
At time 1760935781.408462909
- Translation: [-0.741, 1.632, 0.000]
- Rotation: in Quaternion (xyzw) [0.000, 0.000, -0.421, 0.907]
- Rotation: in RPY (radian) [0.000, 0.000, -0.870]
- Rotation: in RPY (degree) [0.000, 0.000, -49.854]
- Matrix:
  0.645  0.764  0.000 -0.741
 -0.764  0.645 -0.000  1.632
 -0.000  0.000  1.000  0.000
  0.000  0.000  0.000  1.000
At time 1760935782.417408311
- Translation: [0.369, 0.860, 0.000]
- Rotation: in Quaternion (xyzw) [0.000, 0.000, -0.796, 0.605]
- Rotation: in RPY (radian) [0.000, 0.000, -1.841]
- Rotation: in RPY (degree) [0.000, 0.000, -105.499]
- Matrix:
 -0.267  0.964  0.000  0.369
 -0.964 -0.267 -0.000  0.860
 -0.000  0.000  1.000  0.000
  0.000  0.000  0.000  1.000
At time 1760935783.408997556
- Translation: [0.212, 0.417, 0.000]
- Rotation: in Quaternion (xyzw) [0.000, 0.000, -0.835, 0.550]
- Rotation: in RPY (radian) [0.000, 0.000, -1.977]
- Rotation: in RPY (degree) [0.000, 0.000, -113.250]
- Matrix:
 -0.395  0.919  0.000  0.212
 -0.919 -0.395 -0.000  0.417
 -0.000  0.000  1.000  0.000
  0.000  0.000  0.000  1.000
At time 1760935784.417219679
- Translation: [0.112, 0.203, 0.000]
- Rotation: in Quaternion (xyzw) [0.000, 0.000, -0.853, 0.523]
- Rotation: in RPY (radian) [0.000, 0.000, -2.042]
- Rotation: in RPY (degree) [0.000, 0.000, -116.998]
- Matrix:
 -0.454  0.891  0.000  0.112
 -0.891 -0.454 -0.000  0.203
 -0.000  0.000  1.000  0.000
  0.000  0.000  0.000  1.000
At time 1760935785.408871663
- Translation: [0.057, 0.100, 0.000]
- Rotation: in Quaternion (xyzw) [0.000, 0.000, -0.861, 0.509]
- Rotation: in RPY (radian) [0.000, 0.000, -2.074]
- Rotation: in RPY (degree) [0.000, 0.000, -118.811]
- Matrix:
 -0.482  0.876  0.000  0.057
 -0.876 -0.482 -0.000  0.100
 -0.000  0.000  1.000  0.000
  0.000  0.000  0.000  1.000
At time 1760935786.417044087
- Translation: [0.029, 0.049, 0.000]
- Rotation: in Quaternion (xyzw) [0.000, 0.000, -0.865, 0.502]
- Rotation: in RPY (radian) [0.000, 0.000, -2.089]
- Rotation: in RPY (degree) [0.000, 0.000, -119.698]
- Matrix:
 -0.495  0.869  0.000  0.029
 -0.869 -0.495 -0.000  0.049
 -0.000  0.000  1.000  0.000
  0.000  0.000  0.000  1.000
At time 1760935787.408242714
- Translation: [0.015, 0.025, 0.000]
- Rotation: in Quaternion (xyzw) [0.000, 0.000, 0.867, -0.499]
- Rotation: in RPY (radian) [0.000, -0.000, -2.097]
- Rotation: in RPY (degree) [0.000, -0.000, -120.122]
- Matrix:
 -0.502  0.865  0.000  0.015
 -0.865 -0.502  0.000  0.025
  0.000  0.000  1.000  0.000
  0.000  0.000  0.000  1.000
At time 1760935788.417608563
- Translation: [0.007, 0.012, 0.000]
- Rotation: in Quaternion (xyzw) [0.000, 0.000, 0.867, -0.497]
- Rotation: in RPY (radian) [0.000, -0.000, -2.100]
- Rotation: in RPY (degree) [0.000, -0.000, -120.335]
- Matrix:
 -0.505  0.863  0.000  0.007
 -0.863 -0.505  0.000  0.012
  0.000  0.000  1.000  0.000
  0.000  0.000  0.000  1.000
At time 1760935789.408980842
- Translation: [0.004, 0.006, 0.000]
- Rotation: in Quaternion (xyzw) [0.000, 0.000, 0.868, -0.497]
- Rotation: in RPY (radian) [0.000, -0.000, -2.102]
- Rotation: in RPY (degree) [0.000, -0.000, -120.439]
- Matrix:
 -0.507  0.862  0.000  0.004
 -0.862 -0.507  0.000  0.006
  0.000  0.000  1.000  0.000
  0.000  0.000  0.000  1.000
At time 1760935790.417094632
- Translation: [0.002, 0.003, 0.000]
- Rotation: in Quaternion (xyzw) [0.000, 0.000, 0.868, -0.496]
- Rotation: in RPY (radian) [0.000, -0.000, -2.103]
- Rotation: in RPY (degree) [0.000, -0.000, -120.490]
- Matrix:
 -0.507  0.862  0.000  0.002
 -0.862 -0.507  0.000  0.003
  0.000  0.000  1.000  0.000
  0.000  0.000  0.000  1.000
At time 1760935791.408199377
- Translation: [0.001, 0.002, 0.000]
- Rotation: in Quaternion (xyzw) [0.000, 0.000, 0.868, -0.496]
- Rotation: in RPY (radian) [0.000, -0.000, -2.103]
- Rotation: in RPY (degree) [0.000, -0.000, -120.514]
- Matrix:
 -0.508  0.862  0.000  0.001
 -0.862 -0.508  0.000  0.002
  0.000  0.000  1.000  0.000
  0.000  0.000  0.000  1.000
At time 1760935792.416389088
- Translation: [0.000, 0.001, 0.000]
- Rotation: in Quaternion (xyzw) [0.000, 0.000, 0.868, -0.496]
- Rotation: in RPY (radian) [0.000, -0.000, -2.104]
- Rotation: in RPY (degree) [0.000, -0.000, -120.527]
- Matrix:
 -0.508  0.861  0.000  0.000
 -0.861 -0.508  0.000  0.001
  0.000  0.000  1.000  0.000
  0.000  0.000  0.000  1.000
At time 1760935793.408548478
- Translation: [0.000, 0.000, 0.000]
- Rotation: in Quaternion (xyzw) [0.000, 0.000, 0.868, -0.496]
- Rotation: in RPY (radian) [0.000, -0.000, -2.104]
- Rotation: in RPY (degree) [0.000, -0.000, -120.534]
- Matrix:
 -0.508  0.861  0.000  0.000
 -0.861 -0.508  0.000  0.000
  0.000  0.000  1.000  0.000
  0.000  0.000  0.000  1.000
At time 1760935794.416568466
- Translation: [0.000, 0.000, 0.000]
- Rotation: in Quaternion (xyzw) [0.000, 0.000, 0.868, -0.496]
- Rotation: in RPY (radian) [0.000, -0.000, -2.103]
- Rotation: in RPY (degree) [0.000, -0.000, -120.519]
- Matrix:
 -0.508  0.861  0.000  0.000
 -0.861 -0.508  0.000  0.000
  0.000  0.000  1.000  0.000
  0.000  0.000  0.000  1.000
At time 1760935795.409353835
- Translation: [0.000, 0.000, 0.000]
- Rotation: in Quaternion (xyzw) [0.000, 0.000, 0.868, -0.496]
- Rotation: in RPY (radian) [0.000, -0.000, -2.104]
- Rotation: in RPY (degree) [0.000, -0.000, -120.533]
- Matrix:
 -0.508  0.861  0.000  0.000
 -0.861 -0.508  0.000  0.000
  0.000  0.000  1.000  0.000
  0.000  0.000  0.000  1.000
At time 1760935796.416630323
- Translation: [0.000, 0.000, 0.000]
- Rotation: in Quaternion (xyzw) [0.000, 0.000, 0.868, -0.496]
- Rotation: in RPY (radian) [0.000, -0.000, -2.103]
- Rotation: in RPY (degree) [0.000, -0.000, -120.508]
- Matrix:
 -0.508  0.862  0.000  0.000
 -0.862 -0.508  0.000  0.000
  0.000  0.000  1.000  0.000
  0.000  0.000  0.000  1.000
At time 1760935797.408856803
- Translation: [0.000, 0.000, 0.000]
- Rotation: in Quaternion (xyzw) [0.000, 0.000, 0.868, -0.496]
- Rotation: in RPY (radian) [0.000, -0.000, -2.103]
- Rotation: in RPY (degree) [0.000, -0.000, -120.498]
- Matrix:
 -0.508  0.862  0.000  0.000
 -0.862 -0.508  0.000  0.000
  0.000  0.000  1.000  0.000
  0.000  0.000  0.000  1.000
At time 1760935798.418123972
- Translation: [0.000, 0.000, 0.000]
- Rotation: in Quaternion (xyzw) [0.000, 0.000, 0.868, -0.496]
- Rotation: in RPY (radian) [0.000, -0.000, -2.103]
- Rotation: in RPY (degree) [0.000, -0.000, -120.519]
- Matrix:
 -0.508  0.861  0.000  0.000
 -0.861 -0.508  0.000  0.000
  0.000  0.000  1.000  0.000
  0.000  0.000  0.000  1.000
At time 1760935799.408774331
- Translation: [0.000, 0.000, 0.000]
- Rotation: in Quaternion (xyzw) [0.000, 0.000, 0.870, -0.493]
- Rotation: in RPY (radian) [0.000, -0.000, -2.110]
- Rotation: in RPY (degree) [0.000, -0.000, -120.879]
- Matrix:
 -0.513  0.858  0.000  0.000
 -0.858 -0.513  0.000  0.000
  0.000  0.000  1.000  0.000
  0.000  0.000  0.000  1.000
At time 1760935800.417045576
- Translation: [0.000, 0.000, 0.000]
- Rotation: in Quaternion (xyzw) [0.000, 0.000, 0.875, -0.484]
- Rotation: in RPY (radian) [0.000, -0.000, -2.131]
- Rotation: in RPY (degree) [0.000, -0.000, -122.096]
- Matrix:
 -0.531  0.847  0.000  0.000
 -0.847 -0.531  0.000  0.000
  0.000  0.000  1.000  0.000
  0.000  0.000  0.000  1.000
At time 1760935801.409470807
- Translation: [0.000, 0.000, 0.000]
- Rotation: in Quaternion (xyzw) [0.000, 0.000, 0.879, -0.477]
- Rotation: in RPY (radian) [0.000, -0.000, -2.146]
- Rotation: in RPY (degree) [0.000, -0.000, -122.961]
- Matrix:
 -0.544  0.839  0.000  0.000
 -0.839 -0.544  0.000  0.000
  0.000  0.000  1.000  0.000
  0.000  0.000  0.000  1.000
At time 1760935802.417799049
- Translation: [0.000, 0.000, 0.000]
- Rotation: in Quaternion (xyzw) [0.000, 0.000, 0.879, -0.477]
- Rotation: in RPY (radian) [0.000, -0.000, -2.148]
- Rotation: in RPY (degree) [0.000, -0.000, -123.059]
- Matrix:
 -0.545  0.838  0.000  0.000
 -0.838 -0.545  0.000  0.000
  0.000  0.000  1.000  0.000
  0.000  0.000  0.000  1.000
At time 1760935803.408480236
- Translation: [0.000, 0.000, 0.000]
- Rotation: in Quaternion (xyzw) [0.000, 0.000, 0.890, -0.457]
- Rotation: in RPY (radian) [0.000, -0.000, -2.193]
- Rotation: in RPY (degree) [0.000, -0.000, -125.627]
- Matrix:
 -0.583  0.813  0.000  0.000
 -0.813 -0.583  0.000  0.000
  0.000  0.000  1.000  0.000
  0.000  0.000  0.000  1.000
At time 1760935804.417011530
- Translation: [0.000, 0.000, 0.000]
- Rotation: in Quaternion (xyzw) [0.000, 0.000, -0.789, 0.614]
- Rotation: in RPY (radian) [0.000, 0.000, -1.819]
- Rotation: in RPY (degree) [0.000, 0.000, -104.227]
- Matrix:
 -0.246  0.969  0.000  0.000
 -0.969 -0.246 -0.000  0.000
 -0.000  0.000  1.000  0.000
  0.000  0.000  0.000  1.000
At time 1760935805.409114273
- Translation: [0.000, 0.000, 0.000]
- Rotation: in Quaternion (xyzw) [0.000, 0.000, 0.980, -0.199]
- Rotation: in RPY (radian) [0.000, -0.000, -2.742]
- Rotation: in RPY (degree) [0.000, -0.000, -157.094]
- Matrix:
 -0.921  0.389  0.000  0.000
 -0.389 -0.921  0.000  0.000
  0.000  0.000  1.000  0.000
  0.000  0.000  0.000  1.000
At time 1760935806.417467155
- Translation: [0.000, 0.000, 0.000]
- Rotation: in Quaternion (xyzw) [0.000, 0.000, 0.992, -0.129]
- Rotation: in RPY (radian) [0.000, -0.000, -2.883]
- Rotation: in RPY (degree) [0.000, -0.000, -165.197]
- Matrix:
 -0.967  0.255  0.000  0.000
 -0.255 -0.967  0.000  0.000
  0.000  0.000  1.000  0.000
  0.000  0.000  0.000  1.000
At time 1760935807.408523107
- Translation: [0.000, 0.000, 0.000]
- Rotation: in Quaternion (xyzw) [0.000, 0.000, 0.992, -0.129]
- Rotation: in RPY (radian) [0.000, -0.000, -2.883]
- Rotation: in RPY (degree) [0.000, -0.000, -165.197]
- Matrix:
 -0.967  0.255  0.000  0.000
 -0.255 -0.967  0.000  0.000
  0.000  0.000  1.000  0.000
  0.000  0.000  0.000  1.000
At time 1760935808.417087365
- Translation: [0.000, 0.000, 0.000]
- Rotation: in Quaternion (xyzw) [0.000, 0.000, 0.992, -0.129]
- Rotation: in RPY (radian) [0.000, -0.000, -2.883]
- Rotation: in RPY (degree) [0.000, -0.000, -165.197]
- Matrix:
 -0.967  0.255  0.000  0.000
 -0.255 -0.967  0.000  0.000
  0.000  0.000  1.000  0.000
  0.000  0.000  0.000  1.000
At time 1760935809.408393999
- Translation: [0.000, 0.000, 0.000]
- Rotation: in Quaternion (xyzw) [0.000, 0.000, 0.992, -0.129]
- Rotation: in RPY (radian) [0.000, -0.000, -2.883]
- Rotation: in RPY (degree) [0.000, -0.000, -165.197]
- Matrix:
 -0.967  0.255  0.000  0.000
 -0.255 -0.967  0.000  0.000
  0.000  0.000  1.000  0.000
  0.000  0.000  0.000  1.000
At time 1760935810.418114998
- Translation: [0.000, 0.000, 0.000]
- Rotation: in Quaternion (xyzw) [0.000, 0.000, 0.992, -0.129]
- Rotation: in RPY (radian) [0.000, -0.000, -2.883]
- Rotation: in RPY (degree) [0.000, -0.000, -165.197]
- Matrix:
 -0.967  0.255  0.000  0.000
 -0.255 -0.967  0.000  0.000
  0.000  0.000  1.000  0.000
  0.000  0.000  0.000  1.000
At time 1760935811.408779979
- Translation: [0.000, 0.000, 0.000]
- Rotation: in Quaternion (xyzw) [0.000, 0.000, 0.992, -0.129]
- Rotation: in RPY (radian) [0.000, -0.000, -2.883]
- Rotation: in RPY (degree) [0.000, -0.000, -165.197]
- Matrix:
 -0.967  0.255  0.000  0.000
 -0.255 -0.967  0.000  0.000
  0.000  0.000  1.000  0.000
  0.000  0.000  0.000  1.000
At time 1760935812.417655866
- Translation: [0.000, 0.000, 0.000]
- Rotation: in Quaternion (xyzw) [0.000, 0.000, 0.992, -0.129]
- Rotation: in RPY (radian) [0.000, -0.000, -2.883]
- Rotation: in RPY (degree) [0.000, -0.000, -165.197]
- Matrix:
 -0.967  0.255  0.000  0.000
 -0.255 -0.967  0.000  0.000
  0.000  0.000  1.000  0.000
  0.000  0.000  0.000  1.000
At time 1760935813.408955491
- Translation: [0.000, 0.000, 0.000]
- Rotation: in Quaternion (xyzw) [0.000, 0.000, 0.992, -0.129]
- Rotation: in RPY (radian) [0.000, -0.000, -2.883]
- Rotation: in RPY (degree) [0.000, -0.000, -165.197]
- Matrix:
 -0.967  0.255  0.000  0.000
 -0.255 -0.967  0.000  0.000
  0.000  0.000  1.000  0.000
  0.000  0.000  0.000  1.000
At time 1760935814.417427559
- Translation: [0.000, 0.000, 0.000]
- Rotation: in Quaternion (xyzw) [0.000, 0.000, 0.992, -0.129]
